846.772      1000.00        1.00	4212470.6714    2089.6244
1037.8400     140.00        1.00	540606.2073     787.0928
1175.102       22.80         .20	82980.2188      354.0508
1238.282      676.00        4.00	2342175.3215    1549.4473
1360.215       43.30         .40	156330.6655     420.6756
1771.351      157.00        1.50	450445.4582     687.8023
2015.181       30.80         .30	81198.2050      305.1852
2034.755       78.90         .70	209643.3470     469.3453
2598.458      169.00        1.50	399562.4219     638.3612
3009.591       10.00         .10	24067.3690      175.5392
3201.962       30.40         .30	64488.9986      258.6368
3253.416       74.10         .65	151416.9998     396.2537
3272.990       17.50         .20	37198.0000      195.9107
3451.152        8.75         .10	13952.2660      135.8271
