244.692        359.0         6.0	589552.549853   883.3459
344.276       1275.0         9.0	1974088.4501    1442.0669
367.789         40.5          .8	62501.236833    378.5499
411.115        107.0         1.0	164241.9074     493.4683
443.976        148.0         2.0	225087.2319     542.9144
488.661         19.5          .2	28254.030375    324.5089
564.021         23.6          .5	34169.653167    355.3097
586.294         22.0          .5	29821.442915    338.3785
688.678         40.0          .8	53818.3993      351.8608
778.903        619.0         8.0	775260.3553     912.5086
867.388        199.0         4.0	241755.9701     554.8703
964.131        692.0         9.0	801977.227681   919.9076
1112.116       649.0         9.0	711254.9802     856.6983
1212.950        67.0          .8	70394.3296      298.8829
1299.124        78.0         1.0	74644.7114      296.8703
1408.011      1000.0         3.0	956418.9997     980.2342
